[0.6746543184512321, 0.8685117179276494, 0.7944083826537265, 0, 0.8569949073695957, 0.9804994388327721, 0.9212429704284701, 0.7499999999999999, 0, 0, 0, 0]
[0.7998773777967004, 0.8685117179276494, 0.8410579818752698, 1, 0.8569949073695957, 0.9804994388327721, 0.9212429704284701, 0.7499999999999999, 1, 1, 1, 1]
[0.8371908554570074, 0.8685117179276494, 0.8559833729393926, 2, 0.8569949073695957, 0.9804994388327721, 0.9212429704284701, 0.7499999999999999, 2, 2, 2, 2]
[0.8685117179276494, 0.8802836730924724, 0.8755412256246377, 0, 0.8571707165465741, 0.9967146090384755, 0.9188216396693913, 0.7777777777777779, 0, 0, -1, 0]
[0.8709485250282534, 0.8802836730924724, 0.8765496138667848, 1, 0.8571707165465741, 0.9967146090384755, 0.9188216396693913, 0.7777777777777779, 1, 1, 0, 1]
[0.8802836730924724, 0.8903103752777403, 0.8842943539665795, -1, 0.8476579174534664, 0.9994000299985001, 0.9172027495773087, 0.8181818181818181, 0, 0, -1, 0]
[0.8903103752777403, 0.8903103752777403, 0.8903103752777403, 0, 0.8476579174534664, 0.9994000299985001, 0.9172027495773087, 0.8181818181818181, 1, 1, 0, 1]
[0.8903103752777403, 0.8903103752777403, 0.8903103752777403, 1, 0.8476579174534664, 0.9994000299985001, 0.9172027495773087, 0.8181818181818181, 2, 2, 1, 2]
[0.8903103752777403, 0.8903103752777403, 0.8903103752777403, 2, 0.8476579174534664, 0.9994000299985001, 0.9172027495773087, 0.8181818181818181, 3, 3, 2, 3]
[0.8903103752777403, 0.8903103752777403, 0.8903103752777403, 3, 0.8476579174534664, 0.9994000299985001, 0.9172027495773087, 0.8181818181818181, 4, 4, 3, 4]
[0.8903103752777403, 0.8903103752777403, 0.8903103752777403, 4, 0.8476579174534664, 0.9994000299985001, 0.9172027495773087, 0.8181818181818181, 5, 5, 4, 5]
[0.8903103752777403, 0.8903103752777403, 0.8903103752777403, 5, 0.8476579174534664, 0.9994000299985001, 0.9172027495773087, 0.8181818181818181, 6, 6, 5, 6]
[0.8253168034141903, 0.8903103752777403, 0.8643129465323203, 6, 0.8476579174534664, 0.9994000299985001, 0.9172027495773087, 0.8181818181818181, 7, 7, 6, 7]
[0.8903103752777403, 0.8903103752777403, 0.8903103752777403, 7, 0.8476579174534664, 0.9994000299985001, 0.9172027495773087, 0.8181818181818181, 8, 8, 7, 8]
[0.8903103752777403, 0.8903103752777403, 0.8903103752777403, 8, 0.8476579174534664, 0.9994000299985001, 0.9172027495773087, 0.8181818181818181, 9, 9, 8, 9]
[0.8810251342204761, 0.8903103752777403, 0.8865962788548346, 9, 0.8476579174534664, 0.9994000299985001, 0.9172027495773087, 0.8181818181818181, 10, 10, 9, 10]
[0.8903103752777403, 0.8903103752777403, 0.8903103752777403, 10, 0.8476579174534664, 0.9994000299985001, 0.9172027495773087, 0.8181818181818181, 11, 11, 10, 11]
[0.8903103752777403, 0.8903103752777403, 0.8903103752777403, 11, 0.8476579174534664, 0.9994000299985001, 0.9172027495773087, 0.8181818181818181, 12, 12, 11, 12]
[0.8903103752777403, 0.8903103752777403, 0.8903103752777403, 12, 0.8476579174534664, 0.9994000299985001, 0.9172027495773087, 0.8181818181818181, 13, 13, 12, 13]
[0.8715696261636301, 0.8903103752777403, 0.8828140756320962, 13, 0.8476579174534664, 0.9994000299985001, 0.9172027495773087, 0.8181818181818181, 14, 14, 13, 14]
[0.8903103752777403, 0.8903103752777403, 0.8903103752777403, 14, 0.8476579174534664, 0.9994000299985001, 0.9172027495773087, 0.8181818181818181, 15, 15, 14, 15]
[0.8903103752777403, 0.8903103752777403, 0.8903103752777403, 15, 0.8476579174534664, 0.9994000299985001, 0.9172027495773087, 0.8181818181818181, 16, 16, 15, 16]
[0.8903103752777403, 0.8903103752777403, 0.8903103752777403, 16, 0.8476579174534664, 0.9994000299985001, 0.9172027495773087, 0.8181818181818181, 17, 17, 16, 17]
[0.8903103752777403, 0.8903103752777403, 0.8903103752777403, 17, 0.8476579174534664, 0.9994000299985001, 0.9172027495773087, 0.8181818181818181, 18, 18, 17, 18]
[0.8715696261636301, 0.8903103752777403, 0.8828140756320962, 18, 0.8476579174534664, 0.9994000299985001, 0.9172027495773087, 0.8181818181818181, 19, 19, 18, 19]
[0.8903103752777403, 0.8903103752777403, 0.8903103752777403, 19, 0.8476579174534664, 0.9994000299985001, 0.9172027495773087, 0.8181818181818181, 20, 20, 19, 20]
[0.8903103752777403, 0.8903103752777403, 0.8903103752777403, 20, 0.8476579174534664, 0.9994000299985001, 0.9172027495773087, 0.8181818181818181, 21, 21, 20, 21]
[0.8903103752777403, 0.8903103752777403, 0.8903103752777403, 21, 0.8476579174534664, 0.9994000299985001, 0.9172027495773087, 0.8181818181818181, 22, 22, 21, 22]
[0.8903103752777403, 0.8903103752777403, 0.8903103752777403, 22, 0.8476579174534664, 0.9994000299985001, 0.9172027495773087, 0.8181818181818181, 23, 23, 22, 23]
[0.8903103752777403, 0.8903103752777403, 0.8903103752777403, 23, 0.8476579174534664, 0.9994000299985001, 0.9172027495773087, 0.8181818181818181, 24, 24, 23, 24]
[0.8253168034141903, 0.8903103752777403, 0.8643129465323203, 24, 0.8476579174534664, 0.9994000299985001, 0.9172027495773087, 0.8181818181818181, 25, 25, 24, 25]
