[0.7868778898135853, 0.816172594988838, 0.7993047712285376, 0, 0.99988743809095, 0.8374284130796231, 0.8416366694237178, 0.6585365853658536, 0, 0, 0, 0]
[0.8121847702012537, 0.830945945761457, 0.8183297001858449, -1, 0.9711076370794974, 0.8921396167021572, 0.8322239486009503, 0.6842105263157894, 0, 0, -1, 0]
[0.816172594988838, 0.830945945761457, 0.8250366054524093, 0, 0.9711076370794974, 0.8921396167021572, 0.8322239486009503, 0.6842105263157894, 1, 1, 0, 1]
[0.830945945761457, 0.8529473976801175, 0.8353462361451891, -1, 0.97098847646071, 0.8935873605947955, 0.8766870694023585, 0.7142857142857143, 0, 0, 0, 0]
[0.8308093052670363, 0.8529473976801175, 0.8397191984300371, 0, 0.97098847646071, 0.8935873605947955, 0.8766870694023585, 0.7142857142857143, 1, 1, 1, 1]
[0.8529473976801175, 0.8881345240275278, 0.8748243348790504, -1, 0.8852706166139002, 0.9554945054945055, 0.9279488287301505, 0.8, 0, 0, 0, 0]
[0.8505607340873825, 0.8908217701758405, 0.8741833326258334, -1, 0.8416277864178331, 0.9603676048248133, 0.926804504866677, 0.8461538461538463, 0, 0, -1, 0]
[0.8908217701758405, 0.8908217701758405, 0.8908217701758405, 0, 0.8416277864178331, 0.9603676048248133, 0.926804504866677, 0.8461538461538463, 1, 1, 0, 1]
[0.8908217701758405, 0.8908217701758405, 0.8908217701758405, 1, 0.8416277864178331, 0.9603676048248133, 0.926804504866677, 0.8461538461538463, 2, 2, 1, 2]
[0.8908217701758405, 0.8938207235229424, 0.8926211421841016, 0, 0.8757043691302573, 0.9969126273541217, 0.9258097493962498, 0.8, 0, 0, -1, -1]
[0.893722244674178, 0.8938207235229424, 0.8938010277531895, 1, 0.8757043691302573, 0.9969126273541217, 0.9258097493962498, 0.8, 1, 1, 0, 0]
[0.8926267223297419, 0.8938207235229424, 0.8935819232843023, 2, 0.8757043691302573, 0.9969126273541217, 0.9258097493962498, 0.8, 2, 2, 1, 1]
[0.8703140827827341, 0.8815590712797752, 0.8792111428159857, 0, 0.9101565309785848, 0.9977894736842106, 0.9228948774402044, 0.7391304347826086, -1, 0, -1, -1]
[0.8724761885760446, 0.8815590712797752, 0.8796435639746477, 1, 0.9101565309785848, 0.9977894736842106, 0.9228948774402044, 0.7391304347826086, 0, 1, 0, 0]
[0.8724761885760446, 0.8815590712797752, 0.8796930293568384, 2, 0.9101565309785848, 0.9977894736842106, 0.9228948774402044, 0.7391304347826086, 1, 2, 1, 1]
[0.8813117443688216, 0.8815590712797752, 0.8815096058975845, 3, 0.9101565309785848, 0.9977894736842106, 0.9228948774402044, 0.7391304347826086, 2, 3, 2, 2]
[0.8739291505616505, 0.8815590712797752, 0.8799836217539596, 4, 0.9101565309785848, 0.9977894736842106, 0.9228948774402044, 0.7391304347826086, 3, 4, 3, 3]
[0.8815590712797752, 0.8815590712797752, 0.8815590712797752, 5, 0.9101565309785848, 0.9977894736842106, 0.9228948774402044, 0.7391304347826086, 4, 5, 4, 4]
[0.8813117443688216, 0.889915947790018, 0.8831809811996332, -1, 0.9100359017709577, 0.997893850042123, 0.9276018792212702, 0.7599999999999999, 0, 0, 0, 0]
[0.8724761885760446, 0.889915947790018, 0.8830852453431263, 0, 0.9100359017709577, 0.997893850042123, 0.9276018792212702, 0.7599999999999999, 1, 1, 1, 1]
[0.8815590712797752, 0.8973518765769473, 0.8897317582453553, -1, 0.9050634645072481, 0.9985142735859068, 0.9385590415680299, 0.7777777777777779, 0, 0, 0, 0]
[0.8637234157381268, 0.8973518765769473, 0.8874676233497489, 0, 0.9050634645072481, 0.9985142735859068, 0.9385590415680299, 0.7777777777777779, 1, 1, 1, 1]
[0.8973518765769473, 0.8973518765769473, 0.8973518765769473, 1, 0.9050634645072481, 0.9985142735859068, 0.9385590415680299, 0.7777777777777779, 2, 2, 2, 2]
[0.8973518765769473, 0.8973518765769473, 0.8973518765769473, 2, 0.9050634645072481, 0.9985142735859068, 0.9385590415680299, 0.7777777777777779, 3, 3, 3, 3]
[0.8867157928192959, 0.8973518765769473, 0.895224659825417, 3, 0.9050634645072481, 0.9985142735859068, 0.9385590415680299, 0.7777777777777779, 4, 4, 4, 4]
[0.8973518765769473, 0.8973518765769473, 0.8973518765769473, 4, 0.9050634645072481, 0.9985142735859068, 0.9385590415680299, 0.7777777777777779, 5, 5, 5, 5]
[0.889915947790018, 0.8973518765769473, 0.8958646908195614, 5, 0.9050634645072481, 0.9985142735859068, 0.9385590415680299, 0.7777777777777779, 6, 6, 6, 6]
[0.8973518765769473, 0.8973518765769473, 0.8973518765769473, 6, 0.9050634645072481, 0.9985142735859068, 0.9385590415680299, 0.7777777777777779, 7, 7, 7, 7]
[0.8973518765769473, 0.8973518765769473, 0.8973518765769473, 7, 0.9050634645072481, 0.9985142735859068, 0.9385590415680299, 0.7777777777777779, 8, 8, 8, 8]
[0.8973518765769473, 0.8973518765769473, 0.8973518765769473, 8, 0.9050634645072481, 0.9985142735859068, 0.9385590415680299, 0.7777777777777779, 9, 9, 9, 9]
[0.8423728087079583, 0.8973518765769473, 0.8863560630031495, 9, 0.9050634645072481, 0.9985142735859068, 0.9385590415680299, 0.7777777777777779, 10, 10, 10, 10]
[0.8847367789952618, 0.8973518765769473, 0.8948288570606102, 10, 0.9050634645072481, 0.9985142735859068, 0.9385590415680299, 0.7777777777777779, 11, 11, 11, 11]
[0.8973518765769473, 0.8973518765769473, 0.8973518765769473, 11, 0.9050634645072481, 0.9985142735859068, 0.9385590415680299, 0.7777777777777779, 12, 12, 12, 12]
[0.889915947790018, 0.8973518765769473, 0.8958646908195614, 12, 0.9050634645072481, 0.9985142735859068, 0.9385590415680299, 0.7777777777777779, 13, 13, 13, 13]
[0.8847367789952618, 0.8973518765769473, 0.8933416713032244, 13, 0.9050634645072481, 0.9985142735859068, 0.9385590415680299, 0.7777777777777779, 14, 14, 14, 14]
[0.8375340426337361, 0.8973518765769473, 0.8743924962145073, 14, 0.9050634645072481, 0.9985142735859068, 0.9385590415680299, 0.7777777777777779, 15, 15, 15, 15]
[0.8525806975503378, 0.8973518765769473, 0.8883976407716254, 15, 0.9050634645072481, 0.9985142735859068, 0.9385590415680299, 0.7777777777777779, 16, 16, 16, 16]
[0.8941688229677739, 0.9220413530396881, 0.9115289517327572, -1, 0.8997785038273782, 0.9984514130855594, 0.9333421535719418, 0.8666666666666667, 0, -1, -1, 0]
[0.9220413530396881, 0.9220413530396881, 0.922041353039688, 0, 0.8997785038273782, 0.9984514130855594, 0.9333421535719418, 0.8666666666666667, 1, 0, 0, 1]
[0.902965676114284, 0.9220413530396881, 0.9182262176546073, 1, 0.8997785038273782, 0.9984514130855594, 0.9333421535719418, 0.8666666666666667, 2, 1, 1, 2]
[0.8768499382802009, 0.9220413530396881, 0.9130030700877907, 2, 0.8997785038273782, 0.9984514130855594, 0.9333421535719418, 0.8666666666666667, 3, 2, 2, 3]
[0.9220413530396881, 0.9220413530396881, 0.922041353039688, 3, 0.8997785038273782, 0.9984514130855594, 0.9333421535719418, 0.8666666666666667, 4, 3, 3, 4]
[0.8959255415109303, 0.9220413530396881, 0.9168181907339366, 4, 0.8997785038273782, 0.9984514130855594, 0.9333421535719418, 0.8666666666666667, 5, 4, 4, 5]
[0.8512129279733728, 0.9220413530396881, 0.8889177416756681, 5, 0.8997785038273782, 0.9984514130855594, 0.9333421535719418, 0.8666666666666667, 6, 5, 5, 6]
[0.9081892400244805, 0.9220413530396881, 0.9192709304366466, 6, 0.8997785038273782, 0.9984514130855594, 0.9333421535719418, 0.8666666666666667, 7, 6, 6, 7]
[0.9078701154212719, 0.9220413530396881, 0.9192071055160049, 7, 0.8997785038273782, 0.9984514130855594, 0.9333421535719418, 0.8666666666666667, 8, 7, 7, 8]
[0.9220413530396881, 0.9220413530396881, 0.922041353039688, 8, 0.8997785038273782, 0.9984514130855594, 0.9333421535719418, 0.8666666666666667, 9, 8, 8, 9]
[0.9220413530396881, 0.9220413530396881, 0.922041353039688, 9, 0.8997785038273782, 0.9984514130855594, 0.9333421535719418, 0.8666666666666667, 10, 9, 9, 10]
[0.9220413530396881, 0.9220413530396881, 0.922041353039688, 10, 0.8997785038273782, 0.9984514130855594, 0.9333421535719418, 0.8666666666666667, 11, 10, 10, 11]
[0.902965676114284, 0.9220413530396881, 0.9182262176546073, 11, 0.8997785038273782, 0.9984514130855594, 0.9333421535719418, 0.8666666666666667, 12, 11, 11, 12]
[0.9220413530396881, 0.9220413530396881, 0.922041353039688, 12, 0.8997785038273782, 0.9984514130855594, 0.9333421535719418, 0.8666666666666667, 13, 12, 12, 13]
[0.902965676114284, 0.9220413530396881, 0.9182262176546073, 13, 0.8997785038273782, 0.9984514130855594, 0.9333421535719418, 0.8666666666666667, 14, 13, 13, 14]
[0.9220413530396881, 0.9220413530396881, 0.922041353039688, 14, 0.8997785038273782, 0.9984514130855594, 0.9333421535719418, 0.8666666666666667, 15, 14, 14, 15]
[0.9220413530396881, 0.9220413530396881, 0.922041353039688, 15, 0.8997785038273782, 0.9984514130855594, 0.9333421535719418, 0.8666666666666667, 16, 15, 15, 16]
[0.8941688229677739, 0.9220413530396881, 0.9126517116402244, 16, 0.8997785038273782, 0.9984514130855594, 0.9333421535719418, 0.8666666666666667, 17, 16, 16, 17]
[0.8959255415109303, 0.9220413530396881, 0.9168181907339366, 17, 0.8997785038273782, 0.9984514130855594, 0.9333421535719418, 0.8666666666666667, 18, 17, 17, 18]
[0.9220413530396881, 0.9220413530396881, 0.922041353039688, 18, 0.8997785038273782, 0.9984514130855594, 0.9333421535719418, 0.8666666666666667, 19, 18, 18, 19]
[0.9220413530396881, 0.9220413530396881, 0.922041353039688, 19, 0.8997785038273782, 0.9984514130855594, 0.9333421535719418, 0.8666666666666667, 20, 19, 19, 20]
[0.9015746582594999, 0.9220413530396881, 0.9179480140836505, 20, 0.8997785038273782, 0.9984514130855594, 0.9333421535719418, 0.8666666666666667, 21, 20, 20, 21]
[0.9220413530396881, 0.9220413530396881, 0.922041353039688, 21, 0.8997785038273782, 0.9984514130855594, 0.9333421535719418, 0.8666666666666667, 22, 21, 21, 22]
[0.88383048350763, 0.9220413530396881, 0.9143991791332766, 22, 0.8997785038273782, 0.9984514130855594, 0.9333421535719418, 0.8666666666666667, 23, 22, 22, 23]
[0.8959255415109303, 0.9220413530396881, 0.9168181907339366, 23, 0.8997785038273782, 0.9984514130855594, 0.9333421535719418, 0.8666666666666667, 24, 23, 23, 24]
[0.9220413530396881, 0.9220413530396881, 0.922041353039688, 24, 0.8997785038273782, 0.9984514130855594, 0.9333421535719418, 0.8666666666666667, 25, 24, 24, 25]
[0.9220413530396881, 0.9220413530396881, 0.922041353039688, 0, 0.8997785038273782, 0.9984514130855594, 0.9333421535719418, 0.8666666666666667, 0, 0, 0, 0]
