[0.7868778898135853, 0.893722244674178, 0.8290465200414625, 0, 0.8263382283278067, 0.9987365761212887, 0.9238540614641998, 0.8461538461538463, 0, 0, 0, 0]
[0.8223029600767582, 0.893722244674178, 0.8560455173403083, 1, 0.8263382283278067, 0.9987365761212887, 0.9238540614641998, 0.8461538461538463, 1, 1, 1, 1]
[0.893722244674178, 0.893722244674178, 0.8937222446741779, 2, 0.8263382283278067, 0.9987365761212887, 0.9238540614641998, 0.8461538461538463, 2, 2, 2, 2]
[0.893722244674178, 0.8938207235229424, 0.8937419404439308, 0, 0.8757043691302573, 0.9969126273541217, 0.9258097493962498, 0.8, 0, -1, 0, -1]
[0.893722244674178, 0.8938207235229424, 0.8938010277531895, 1, 0.8757043691302573, 0.9969126273541217, 0.9258097493962498, 0.8, 1, 0, 1, 0]
[0.8938207235229424, 0.8938207235229424, 0.8938207235229424, 2, 0.8757043691302573, 0.9969126273541217, 0.9258097493962498, 0.8, 2, 1, 2, 1]
[0.8938207235229424, 0.8938207235229424, 0.8938207235229424, 3, 0.8757043691302573, 0.9969126273541217, 0.9258097493962498, 0.8, 3, 2, 3, 2]
[0.8851649131349432, 0.8938207235229424, 0.8920895614453427, 4, 0.8757043691302573, 0.9969126273541217, 0.9258097493962498, 0.8, 4, 3, 4, 3]
[0.8655244821940806, 0.8938207235229424, 0.88816147525717, 5, 0.8757043691302573, 0.9969126273541217, 0.9258097493962498, 0.8, 5, 4, 5, 4]
[0.8938207235229424, 0.8938207235229424, 0.8938207235229424, 6, 0.8757043691302573, 0.9969126273541217, 0.9258097493962498, 0.8, 6, 5, 6, 5]
[0.8938207235229424, 0.8938207235229424, 0.8938207235229424, 7, 0.8757043691302573, 0.9969126273541217, 0.9258097493962498, 0.8, 7, 6, 7, 6]
[0.8938207235229424, 0.8938207235229424, 0.8938207235229424, 8, 0.8757043691302573, 0.9969126273541217, 0.9258097493962498, 0.8, 8, 7, 8, 7]
[0.8938207235229424, 0.8938207235229424, 0.8938207235229424, 9, 0.8757043691302573, 0.9969126273541217, 0.9258097493962498, 0.8, 9, 8, 9, 8]
[0.8938207235229424, 0.8938207235229424, 0.8938207235229424, 10, 0.8757043691302573, 0.9969126273541217, 0.9258097493962498, 0.8, 10, 9, 10, 9]
[0.8813117443688216, 0.8813117443688216, 0.8813117443688216, -1, 0.8295611585519039, 0.9969126273541217, 0.9258097493962498, 0.8, -1, 10, 11, 10]
[0.8703140827827341, 0.8813117443688216, 0.8791122120516043, 0, 0.8295611585519039, 0.9969126273541217, 0.9258097493962498, 0.8, 0, 11, 12, 11]
[0.8813117443688216, 0.8815590712797752, 0.881410675133203, 0, 0.9101565309785848, 0.9977894736842106, 0.9228948774402044, 0.7391304347826086, 0, 0, -1, -1]
[0.8813117443688216, 0.8815590712797752, 0.8814601405153937, 1, 0.9101565309785848, 0.9977894736842106, 0.9228948774402044, 0.7391304347826086, 1, 1, 0, 0]
[0.8813117443688216, 0.8815590712797752, 0.8815096058975845, 2, 0.9101565309785848, 0.9977894736842106, 0.9228948774402044, 0.7391304347826086, 2, 2, 1, 1]
[0.8815590712797752, 0.8815590712797752, 0.8815590712797752, 3, 0.9101565309785848, 0.9977894736842106, 0.9228948774402044, 0.7391304347826086, 3, 3, 2, 2]
[0.8813117443688216, 0.8932996356395283, 0.8859204073853434, -1, 0.8248949319416977, 0.9987365761212887, 0.9238540614641998, 0.8461538461538463, 0, 0, 0, 0]
[0.8867157928192959, 0.8932996356395283, 0.8906660985114353, 0, 0.8248949319416977, 0.9987365761212887, 0.9238540614641998, 0.8461538461538463, 1, 1, 1, 1]
[0.831703485489517, 0.8932996356395283, 0.8692924938421654, 1, 0.8248949319416977, 0.9987365761212887, 0.9238540614641998, 0.8461538461538463, 2, 2, 2, 2]
[0.8867157928192959, 0.8932996356395283, 0.8919828670754818, 2, 0.8248949319416977, 0.9987365761212887, 0.9238540614641998, 0.8461538461538463, 3, 3, 3, 3]
[0.8932996356395283, 0.8932996356395283, 0.8932996356395282, 3, 0.8248949319416977, 0.9987365761212887, 0.9238540614641998, 0.8461538461538463, 4, 4, 4, 4]
[0.8932996356395283, 0.8973518765769473, 0.8957309802019797, 0, 0.9050634645072481, 0.9985142735859068, 0.9385590415680299, 0.7777777777777779, 0, -1, 0, -1]
[0.8423728087079583, 0.8973518765769473, 0.8863560630031495, 1, 0.9050634645072481, 0.9985142735859068, 0.9385590415680299, 0.7777777777777779, 1, 0, 1, 0]
[0.8973518765769473, 0.8973518765769473, 0.8973518765769473, 2, 0.9050634645072481, 0.9985142735859068, 0.9385590415680299, 0.7777777777777779, 2, 1, 2, 1]
[0.8973518765769473, 0.8973518765769473, 0.8973518765769473, 3, 0.9050634645072481, 0.9985142735859068, 0.9385590415680299, 0.7777777777777779, 3, 2, 3, 2]
[0.8924306342981321, 0.8973518765769473, 0.8963676281211843, 4, 0.9050634645072481, 0.9985142735859068, 0.9385590415680299, 0.7777777777777779, 4, 3, 4, 3]
[0.8947116822112094, 0.8973518765769473, 0.8968238377037997, 5, 0.9050634645072481, 0.9985142735859068, 0.9385590415680299, 0.7777777777777779, 5, 4, 5, 4]
[0.8973518765769473, 0.8973518765769473, 0.8973518765769473, 6, 0.9050634645072481, 0.9985142735859068, 0.9385590415680299, 0.7777777777777779, 6, 5, 6, 5]
[0.8423728087079583, 0.8973518765769473, 0.8858280241300021, 7, 0.9050634645072481, 0.9985142735859068, 0.9385590415680299, 0.7777777777777779, 7, 6, 7, 6]
[0.8973518765769473, 0.8973518765769473, 0.8973518765769473, 8, 0.9050634645072481, 0.9985142735859068, 0.9385590415680299, 0.7777777777777779, 8, 7, 8, 7]
[0.8525806975503378, 0.8973518765769473, 0.8858746212552884, 9, 0.9050634645072481, 0.9985142735859068, 0.9385590415680299, 0.7777777777777779, 9, 8, 9, 8]
[0.8973518765769473, 0.8973518765769473, 0.8973518765769473, 10, 0.9050634645072481, 0.9985142735859068, 0.9385590415680299, 0.7777777777777779, 10, 9, 10, 9]
[0.889915947790018, 0.8973518765769473, 0.8958646908195614, 11, 0.9050634645072481, 0.9985142735859068, 0.9385590415680299, 0.7777777777777779, 11, 10, 11, 10]
[0.8463401109296712, 0.8973518765769473, 0.8871495234474921, 12, 0.9050634645072481, 0.9985142735859068, 0.9385590415680299, 0.7777777777777779, 12, 11, 12, 11]
[0.8924306342981321, 0.8973518765769473, 0.895311550374889, 13, 0.9050634645072481, 0.9985142735859068, 0.9385590415680299, 0.7777777777777779, 13, 12, 13, 12]
[0.8973518765769473, 0.9220413530396881, 0.903134328206006, -1, 0.8997785038273782, 0.9984514130855594, 0.9333421535719418, 0.8666666666666667, 0, -1, -1, 0]
[0.8768499382802009, 0.9220413530396881, 0.8975527734883115, 0, 0.8997785038273782, 0.9984514130855594, 0.9333421535719418, 0.8666666666666667, 1, 0, 0, 1]
[0.9220413530396881, 0.9220413530396881, 0.922041353039688, 1, 0.8997785038273782, 0.9984514130855594, 0.9333421535719418, 0.8666666666666667, 2, 1, 1, 2]
[0.9078701154212719, 0.9220413530396881, 0.9192071055160049, 2, 0.8997785038273782, 0.9984514130855594, 0.9333421535719418, 0.8666666666666667, 3, 2, 2, 3]
[0.9220413530396881, 0.9220413530396881, 0.922041353039688, 3, 0.8997785038273782, 0.9984514130855594, 0.9333421535719418, 0.8666666666666667, 4, 3, 3, 4]
[0.8768499382802009, 0.9220413530396881, 0.8949265041839958, 4, 0.8997785038273782, 0.9984514130855594, 0.9333421535719418, 0.8666666666666667, 5, 4, 4, 5]
[0.9220413530396881, 0.9220413530396881, 0.922041353039688, 5, 0.8997785038273782, 0.9984514130855594, 0.9333421535719418, 0.8666666666666667, 6, 5, 5, 6]
[0.902965676114284, 0.9220413530396881, 0.9182262176546073, 6, 0.8997785038273782, 0.9984514130855594, 0.9333421535719418, 0.8666666666666667, 7, 6, 6, 7]
[0.9015746582594999, 0.9220413530396881, 0.9179480140836505, 7, 0.8997785038273782, 0.9984514130855594, 0.9333421535719418, 0.8666666666666667, 8, 7, 7, 8]
[0.9220413530396881, 0.9220413530396881, 0.922041353039688, 8, 0.8997785038273782, 0.9984514130855594, 0.9333421535719418, 0.8666666666666667, 9, 8, 8, 9]
[0.9220413530396881, 0.9220413530396881, 0.922041353039688, 9, 0.8997785038273782, 0.9984514130855594, 0.9333421535719418, 0.8666666666666667, 10, 9, 9, 10]
[0.9220413530396881, 0.9220413530396881, 0.922041353039688, 10, 0.8997785038273782, 0.9984514130855594, 0.9333421535719418, 0.8666666666666667, 11, 10, 10, 11]
[0.9220413530396881, 0.9220413530396881, 0.922041353039688, 11, 0.8997785038273782, 0.9984514130855594, 0.9333421535719418, 0.8666666666666667, 12, 11, 11, 12]
[0.9220413530396881, 0.9220413530396881, 0.922041353039688, 12, 0.8997785038273782, 0.9984514130855594, 0.9333421535719418, 0.8666666666666667, 13, 12, 12, 13]
[0.9078701154212719, 0.9220413530396881, 0.9192071055160049, 13, 0.8997785038273782, 0.9984514130855594, 0.9333421535719418, 0.8666666666666667, 14, 13, 13, 14]
[0.9220413530396881, 0.9220413530396881, 0.922041353039688, 14, 0.8997785038273782, 0.9984514130855594, 0.9333421535719418, 0.8666666666666667, 15, 14, 14, 15]
[0.9220413530396881, 0.9220413530396881, 0.922041353039688, 15, 0.8997785038273782, 0.9984514130855594, 0.9333421535719418, 0.8666666666666667, 16, 15, 15, 16]
[0.9220413530396881, 0.9220413530396881, 0.922041353039688, 16, 0.8997785038273782, 0.9984514130855594, 0.9333421535719418, 0.8666666666666667, 17, 16, 16, 17]
[0.9220413530396881, 0.9220413530396881, 0.922041353039688, 17, 0.8997785038273782, 0.9984514130855594, 0.9333421535719418, 0.8666666666666667, 18, 17, 17, 18]
[0.9220413530396881, 0.9220413530396881, 0.922041353039688, 18, 0.8997785038273782, 0.9984514130855594, 0.9333421535719418, 0.8666666666666667, 19, 18, 18, 19]
[0.902965676114284, 0.9220413530396881, 0.9182262176546073, 19, 0.8997785038273782, 0.9984514130855594, 0.9333421535719418, 0.8666666666666667, 20, 19, 19, 20]
[0.8512129279733728, 0.9220413530396881, 0.907875668026425, 20, 0.8997785038273782, 0.9984514130855594, 0.9333421535719418, 0.8666666666666667, 21, 20, 20, 21]
[0.9220413530396881, 0.9220413530396881, 0.922041353039688, 21, 0.8997785038273782, 0.9984514130855594, 0.9333421535719418, 0.8666666666666667, 22, 21, 21, 22]
[0.9220413530396881, 0.9220413530396881, 0.922041353039688, 22, 0.8997785038273782, 0.9984514130855594, 0.9333421535719418, 0.8666666666666667, 23, 22, 22, 23]
[0.9220413530396881, 0.9220413530396881, 0.922041353039688, 23, 0.8997785038273782, 0.9984514130855594, 0.9333421535719418, 0.8666666666666667, 24, 23, 23, 24]
[0.9220413530396881, 0.9220413530396881, 0.922041353039688, 24, 0.8997785038273782, 0.9984514130855594, 0.9333421535719418, 0.8666666666666667, 25, 24, 24, 25]
[0.9220413530396881, 0.9220413530396881, 0.922041353039688, 0, 0.8997785038273782, 0.9984514130855594, 0.9333421535719418, 0.8666666666666667, 0, 0, 0, 0]
