[0.7116134421550225, 0.8672312318392046, 0.7814844332767226, 0, 0.7812548634838696, 0.9965409323011036, 0.9268554362375909, 0.8, 0, 0, 0, 0]
[0.8672312318392046, 0.8716334822627888, 0.8698725820933552, 0, 0.9988784824900313, 0.9668770174775351, 0.928062284089957, 0.6774193548387096, 0, -1, 0, -1]
[0.8467406814610469, 0.8716334822627888, 0.8616763619420921, 1, 0.9988784824900313, 0.9668770174775351, 0.928062284089957, 0.6774193548387096, 1, 0, 1, 0]
[0.8716334822627888, 0.8716334822627888, 0.8716334822627887, 2, 0.9988784824900313, 0.9668770174775351, 0.928062284089957, 0.6774193548387096, 2, 1, 2, 1]
[0.8716334822627888, 0.8744416342606466, 0.8721951126623603, -1, 0.9185498167870803, 0.9983342587451416, 0.9225036862462759, 0.7142857142857143, 0, 0, -1, 0]
[0.8744416342606466, 0.8744416342606466, 0.8744416342606465, 0, 0.9185498167870803, 0.9983342587451416, 0.9225036862462759, 0.7142857142857143, 1, 1, 0, 1]
[0.8744416342606466, 0.8744416342606466, 0.8744416342606465, 1, 0.9185498167870803, 0.9983342587451416, 0.9225036862462759, 0.7142857142857143, 2, 2, 1, 2]
[0.8792975351426473, 0.8792975351426473, 0.8792975351426474, 0, 0.9920371447197156, 0.980021318714786, 0.9291705407407, 0.6923076923076922, 0, -1, 0, -1]
[0.8792975351426473, 0.8792975351426473, 0.8792975351426474, 1, 0.9920371447197156, 0.980021318714786, 0.9291705407407, 0.6923076923076922, 1, 0, 1, 0]
[0.8792975351426473, 0.8792975351426473, 0.8792975351426474, 2, 0.9920371447197156, 0.980021318714786, 0.9291705407407, 0.6923076923076922, 2, 1, 2, 1]
[0.6757979600425744, 0.8792975351426473, 0.7978977051026181, 3, 0.9920371447197156, 0.980021318714786, 0.9291705407407, 0.6923076923076922, 3, 2, 3, 2]
[0.8792975351426473, 0.8792975351426473, 0.8792975351426474, 4, 0.9920371447197156, 0.980021318714786, 0.9291705407407, 0.6923076923076922, 4, 3, 4, 3]
[0.8792975351426473, 0.8818263656106932, 0.8808148334234748, -1, 0.9101565309785848, 0.9991606379151845, 0.9228948774402044, 0.7391304347826086, 0, 0, -1, 0]
[0.8818263656106932, 0.8818263656106932, 0.8818263656106933, 0, 0.9101565309785848, 0.9991606379151845, 0.9228948774402044, 0.7391304347826086, 1, 1, 0, 1]
[0.8818263656106932, 0.9084515656229492, 0.8924764456155956, -1, 0.9100526417214398, 0.9989648033126294, 0.9494667248395863, 0.8, 0, -1, 0, 0]
[0.9084515656229492, 0.9084515656229492, 0.9084515656229492, 0, 0.9100526417214398, 0.9989648033126294, 0.9494667248395863, 0.8, 1, 0, 1, 1]
[0.9084515656229492, 0.9084515656229492, 0.9084515656229492, 1, 0.9100526417214398, 0.9989648033126294, 0.9494667248395863, 0.8, 2, 1, 2, 2]
[0.832571233416975, 0.9084515656229492, 0.8780994327405593, 2, 0.9100526417214398, 0.9989648033126294, 0.9494667248395863, 0.8, 3, 2, 3, 3]
[0.9084515656229492, 0.9674502217379665, 0.9202512968459526, -1, 0.8995841947093883, 0.9990379569704391, 0.9784812471234098, 1.0, 0, 0, 0, 0]
[0.9084515656229492, 0.9674502217379665, 0.9438507592919596, 0, 0.8995841947093883, 0.9990379569704391, 0.9784812471234098, 1.0, 1, 1, 1, 1]
[0.9084515656229492, 0.9674502217379665, 0.9320510280689561, 1, 0.8995841947093883, 0.9990379569704391, 0.9784812471234098, 1.0, 2, 2, 2, 2]
[0.9084515656229492, 0.9674502217379665, 0.9438507592919596, 2, 0.8995841947093883, 0.9990379569704391, 0.9784812471234098, 1.0, 3, 3, 3, 3]
[0.8981937451159793, 0.9674502217379665, 0.9397476310891715, 3, 0.8995841947093883, 0.9990379569704391, 0.9784812471234098, 1.0, 4, 4, 4, 4]
[0.9084515656229492, 0.9674502217379665, 0.9320510280689561, 4, 0.8995841947093883, 0.9990379569704391, 0.9784812471234098, 1.0, 5, 5, 5, 5]
[0.6938040854160737, 0.9674502217379665, 0.8773218008045776, 5, 0.8995841947093883, 0.9990379569704391, 0.9784812471234098, 1.0, 6, 6, 6, 6]
[0.9674502217379665, 0.9674502217379665, 0.9674502217379665, 6, 0.8995841947093883, 0.9990379569704391, 0.9784812471234098, 1.0, 7, 7, 7, 7]
[0.9674502217379665, 0.9674502217379665, 0.9674502217379665, 7, 0.8995841947093883, 0.9990379569704391, 0.9784812471234098, 1.0, 8, 8, 8, 8]
[0.9674502217379665, 0.9674502217379665, 0.9674502217379665, 8, 0.8995841947093883, 0.9990379569704391, 0.9784812471234098, 1.0, 9, 9, 9, 9]
[0.9674502217379665, 0.9674502217379665, 0.9674502217379665, 9, 0.8995841947093883, 0.9990379569704391, 0.9784812471234098, 1.0, 10, 10, 10, 10]
[0.8981937451159793, 0.9674502217379665, 0.9397476310891715, 10, 0.8995841947093883, 0.9990379569704391, 0.9784812471234098, 1.0, 11, 11, 11, 11]
[0.9084515656229492, 0.9674502217379665, 0.9320510280689561, 11, 0.8995841947093883, 0.9990379569704391, 0.9784812471234098, 1.0, 12, 12, 12, 12]
[0.9674502217379665, 0.9674502217379665, 0.9674502217379665, 12, 0.8995841947093883, 0.9990379569704391, 0.9784812471234098, 1.0, 13, 13, 13, 13]
[0.9674502217379665, 0.9674502217379665, 0.9674502217379665, 13, 0.8995841947093883, 0.9990379569704391, 0.9784812471234098, 1.0, 14, 14, 14, 14]
[0.9674502217379665, 0.9674502217379665, 0.9674502217379665, 14, 0.8995841947093883, 0.9990379569704391, 0.9784812471234098, 1.0, 15, 15, 15, 15]
[0.6948171129823023, 0.9674502217379665, 0.8583969782357007, 15, 0.8995841947093883, 0.9990379569704391, 0.9784812471234098, 1.0, 16, 16, 16, 16]
[0.6938040854160737, 0.9674502217379665, 0.8579917672092094, 16, 0.8995841947093883, 0.9990379569704391, 0.9784812471234098, 1.0, 17, 17, 17, 17]
[0.9250070541489706, 0.9674502217379665, 0.9504729547023683, 17, 0.8995841947093883, 0.9990379569704391, 0.9784812471234098, 1.0, 18, 18, 18, 18]
[0.9181051165507438, 0.9674502217379665, 0.9477121796630774, 18, 0.8995841947093883, 0.9990379569704391, 0.9784812471234098, 1.0, 19, 19, 19, 19]
[0.9674502217379665, 0.9674502217379665, 0.9674502217379665, 19, 0.8995841947093883, 0.9990379569704391, 0.9784812471234098, 1.0, 20, 20, 20, 20]
[0.9674502217379665, 0.9674502217379665, 0.9674502217379665, 20, 0.8995841947093883, 0.9990379569704391, 0.9784812471234098, 1.0, 21, 21, 21, 21]
[0.9674502217379665, 0.9674502217379665, 0.9674502217379665, 21, 0.8995841947093883, 0.9990379569704391, 0.9784812471234098, 1.0, 22, 22, 22, 22]
[0.9674502217379665, 0.9674502217379665, 0.9674502217379665, 22, 0.8995841947093883, 0.9990379569704391, 0.9784812471234098, 1.0, 23, 23, 23, 23]
[0.9674502217379665, 0.9674502217379665, 0.9674502217379665, 23, 0.8995841947093883, 0.9990379569704391, 0.9784812471234098, 1.0, 24, 24, 24, 24]
[0.9674502217379665, 0.9674502217379665, 0.9674502217379665, 24, 0.8995841947093883, 0.9990379569704391, 0.9784812471234098, 1.0, 25, 25, 25, 25]
[0.9674502217379665, 0.9674502217379665, 0.9674502217379665, 25, 0.8995841947093883, 0.9990379569704391, 0.9784812471234098, 1.0, 26, 26, 26, 26]
[0.9674502217379665, 0.9674502217379665, 0.9674502217379665, 26, 0.8995841947093883, 0.9990379569704391, 0.9784812471234098, 1.0, 27, 27, 27, 27]
[0.9674502217379665, 0.9674502217379665, 0.9674502217379665, 27, 0.8995841947093883, 0.9990379569704391, 0.9784812471234098, 1.0, 28, 28, 28, 28]
[0.8618819737623157, 0.9674502217379665, 0.9041092729525759, 28, 0.8995841947093883, 0.9990379569704391, 0.9784812471234098, 1.0, 29, 29, 29, 29]
[0.9674502217379665, 0.9674502217379665, 0.9674502217379665, 29, 0.8995841947093883, 0.9990379569704391, 0.9784812471234098, 1.0, 30, 30, 30, 30]
[0.9674502217379665, 0.9674502217379665, 0.9674502217379665, 30, 0.8995841947093883, 0.9990379569704391, 0.9784812471234098, 1.0, 31, 31, 31, 31]
[0.9674502217379665, 0.9674502217379665, 0.9674502217379665, 31, 0.8995841947093883, 0.9990379569704391, 0.9784812471234098, 1.0, 32, 32, 32, 32]
[0.9674502217379665, 0.9674502217379665, 0.9674502217379665, 32, 0.8995841947093883, 0.9990379569704391, 0.9784812471234098, 1.0, 33, 33, 33, 33]
[0.8981937451159793, 0.9674502217379665, 0.9397476310891715, 33, 0.8995841947093883, 0.9990379569704391, 0.9784812471234098, 1.0, 34, 34, 34, 34]
[0.9674502217379665, 0.9674502217379665, 0.9674502217379665, 34, 0.8995841947093883, 0.9990379569704391, 0.9784812471234098, 1.0, 35, 35, 35, 35]
[0.9674502217379665, 0.9674502217379665, 0.9674502217379665, 35, 0.8995841947093883, 0.9990379569704391, 0.9784812471234098, 1.0, 36, 36, 36, 36]
[0.8922463354640989, 0.9674502217379665, 0.9373686672284196, 36, 0.8995841947093883, 0.9990379569704391, 0.9784812471234098, 1.0, 37, 37, 37, 37]
[0.9674502217379665, 0.9674502217379665, 0.9674502217379665, 37, 0.8995841947093883, 0.9990379569704391, 0.9784812471234098, 1.0, 38, 38, 38, 38]
[0.9674502217379665, 0.9674502217379665, 0.9674502217379665, 38, 0.8995841947093883, 0.9990379569704391, 0.9784812471234098, 1.0, 39, 39, 39, 39]
[0.9674502217379665, 0.9674502217379665, 0.9674502217379665, 39, 0.8995841947093883, 0.9990379569704391, 0.9784812471234098, 1.0, 40, 40, 40, 40]
[0.9181051165507438, 0.9674502217379665, 0.9477121796630774, 40, 0.8995841947093883, 0.9990379569704391, 0.9784812471234098, 1.0, 41, 41, 41, 41]
[0.8618819737623157, 0.9674502217379665, 0.9041092729525759, 41, 0.8995841947093883, 0.9990379569704391, 0.9784812471234098, 1.0, 42, 42, 42, 42]
[0.9674502217379665, 0.9674502217379665, 0.9674502217379665, 42, 0.8995841947093883, 0.9990379569704391, 0.9784812471234098, 1.0, 43, 43, 43, 43]
[0.8618819737623157, 0.9674502217379665, 0.9041092729525759, 43, 0.8995841947093883, 0.9990379569704391, 0.9784812471234098, 1.0, 44, 44, 44, 44]
[0.8618819737623157, 0.9674502217379665, 0.9041092729525759, 44, 0.8995841947093883, 0.9990379569704391, 0.9784812471234098, 1.0, 45, 45, 45, 45]
[0.8618819737623157, 0.9674502217379665, 0.9041092729525759, 45, 0.8995841947093883, 0.9990379569704391, 0.9784812471234098, 1.0, 46, 46, 46, 46]
[0.9674502217379665, 0.9674502217379665, 0.9674502217379665, 46, 0.8995841947093883, 0.9990379569704391, 0.9784812471234098, 1.0, 47, 47, 47, 47]
[0.9674502217379665, 0.9674502217379665, 0.9674502217379665, 47, 0.8995841947093883, 0.9990379569704391, 0.9784812471234098, 1.0, 48, 48, 48, 48]
[0.9674502217379665, 0.9674502217379665, 0.9674502217379665, 48, 0.8995841947093883, 0.9990379569704391, 0.9784812471234098, 1.0, 49, 49, 49, 49]
[0.9674502217379665, 0.9674502217379665, 0.9674502217379665, 49, 0.8995841947093883, 0.9990379569704391, 0.9784812471234098, 1.0, 50, 50, 50, 50]
[0.9674502217379665, 0.9674502217379665, 0.9674502217379665, 50, 0.8995841947093883, 0.9990379569704391, 0.9784812471234098, 1.0, 51, 51, 51, 51]
[0.9674502217379665, 0.9674502217379665, 0.9674502217379665, 51, 0.8995841947093883, 0.9990379569704391, 0.9784812471234098, 1.0, 52, 52, 52, 52]
[0.8618819737623157, 0.9674502217379665, 0.9252229225477062, 52, 0.8995841947093883, 0.9990379569704391, 0.9784812471234098, 1.0, 53, 53, 53, 53]
[0.9674502217379665, 0.9674502217379665, 0.9674502217379665, 53, 0.8995841947093883, 0.9990379569704391, 0.9784812471234098, 1.0, 54, 54, 54, 54]
[0.9674502217379665, 0.9674502217379665, 0.9674502217379665, 54, 0.8995841947093883, 0.9990379569704391, 0.9784812471234098, 1.0, 55, 55, 55, 55]
[0.9674502217379665, 0.9674502217379665, 0.9674502217379665, 55, 0.8995841947093883, 0.9990379569704391, 0.9784812471234098, 1.0, 56, 56, 56, 56]
[0.9674502217379665, 0.9674502217379665, 0.9674502217379665, 56, 0.8995841947093883, 0.9990379569704391, 0.9784812471234098, 1.0, 57, 57, 57, 57]
[0.6938040854160737, 0.9674502217379665, 0.8032625399448309, 57, 0.8995841947093883, 0.9990379569704391, 0.9784812471234098, 1.0, 58, 58, 58, 58]
[0.6938040854160737, 0.9674502217379665, 0.8579917672092094, 58, 0.8995841947093883, 0.9990379569704391, 0.9784812471234098, 1.0, 59, 59, 59, 59]
[0.9674502217379665, 0.9674502217379665, 0.9674502217379665, 59, 0.8995841947093883, 0.9990379569704391, 0.9784812471234098, 1.0, 60, 60, 60, 60]
[0.9674502217379665, 0.9674502217379665, 0.9674502217379665, 60, 0.8995841947093883, 0.9990379569704391, 0.9784812471234098, 1.0, 61, 61, 61, 61]
[0.9674502217379665, 0.9674502217379665, 0.9674502217379665, 61, 0.8995841947093883, 0.9990379569704391, 0.9784812471234098, 1.0, 62, 62, 62, 62]
[0.9674502217379665, 0.9674502217379665, 0.9674502217379665, 62, 0.8995841947093883, 0.9990379569704391, 0.9784812471234098, 1.0, 63, 63, 63, 63]
[0.9674502217379665, 0.9674502217379665, 0.9674502217379665, 63, 0.8995841947093883, 0.9990379569704391, 0.9784812471234098, 1.0, 64, 64, 64, 64]
[0.9674502217379665, 0.9674502217379665, 0.9674502217379665, 64, 0.8995841947093883, 0.9990379569704391, 0.9784812471234098, 1.0, 65, 65, 65, 65]
[0.9674502217379665, 0.9674502217379665, 0.9674502217379665, 65, 0.8995841947093883, 0.9990379569704391, 0.9784812471234098, 1.0, 66, 66, 66, 66]
[0.9674502217379665, 0.9674502217379665, 0.9674502217379665, 66, 0.8995841947093883, 0.9990379569704391, 0.9784812471234098, 1.0, 67, 67, 67, 67]
[0.9674502217379665, 0.9674502217379665, 0.9674502217379665, 67, 0.8995841947093883, 0.9990379569704391, 0.9784812471234098, 1.0, 68, 68, 68, 68]
[0.9674502217379665, 0.9674502217379665, 0.9674502217379665, 68, 0.8995841947093883, 0.9990379569704391, 0.9784812471234098, 1.0, 69, 69, 69, 69]
[0.9674502217379665, 0.9674502217379665, 0.9674502217379665, 69, 0.8995841947093883, 0.9990379569704391, 0.9784812471234098, 1.0, 70, 70, 70, 70]
[0.9674502217379665, 0.9674502217379665, 0.9674502217379665, 70, 0.8995841947093883, 0.9990379569704391, 0.9784812471234098, 1.0, 71, 71, 71, 71]
[0.9674502217379665, 0.9674502217379665, 0.9674502217379665, 71, 0.8995841947093883, 0.9990379569704391, 0.9784812471234098, 1.0, 72, 72, 72, 72]
[0.9674502217379665, 0.9674502217379665, 0.9674502217379665, 72, 0.8995841947093883, 0.9990379569704391, 0.9784812471234098, 1.0, 73, 73, 73, 73]
[0.8981937451159793, 0.9674502217379665, 0.9397476310891715, 73, 0.8995841947093883, 0.9990379569704391, 0.9784812471234098, 1.0, 74, 74, 74, 74]
[0.9674502217379665, 0.9674502217379665, 0.9674502217379665, 74, 0.8995841947093883, 0.9990379569704391, 0.9784812471234098, 1.0, 75, 75, 75, 75]
[0.6938040854160737, 0.9674502217379665, 0.8279102126996623, 75, 0.8995841947093883, 0.9990379569704391, 0.9784812471234098, 1.0, 76, 76, 76, 76]
[0.8922463354640989, 0.9674502217379665, 0.9072871127188724, 76, 0.8995841947093883, 0.9990379569704391, 0.9784812471234098, 1.0, 77, 77, 77, 77]
[0.8922463354640989, 0.9674502217379665, 0.9072871127188724, 77, 0.8995841947093883, 0.9990379569704391, 0.9784812471234098, 1.0, 78, 78, 78, 78]
[0.9674502217379665, 0.9674502217379665, 0.9674502217379665, 78, 0.8995841947093883, 0.9990379569704391, 0.9784812471234098, 1.0, 79, 79, 79, 79]
[0.8618819737623157, 0.9674502217379665, 0.9041092729525759, 79, 0.8995841947093883, 0.9990379569704391, 0.9784812471234098, 1.0, 80, 80, 80, 80]
[0.9674502217379665, 0.9674502217379665, 0.9674502217379665, 80, 0.8995841947093883, 0.9990379569704391, 0.9784812471234098, 1.0, 81, 81, 81, 81]
[0.9181051165507438, 0.9674502217379665, 0.9477121796630774, 81, 0.8995841947093883, 0.9990379569704391, 0.9784812471234098, 1.0, 82, 82, 82, 82]
[0.9674502217379665, 0.9674502217379665, 0.9674502217379665, 82, 0.8995841947093883, 0.9990379569704391, 0.9784812471234098, 1.0, 83, 83, 83, 83]
[0.9674502217379665, 0.9674502217379665, 0.9674502217379665, 83, 0.8995841947093883, 0.9990379569704391, 0.9784812471234098, 1.0, 84, 84, 84, 84]
[0.9674502217379665, 0.9674502217379665, 0.9674502217379665, 84, 0.8995841947093883, 0.9990379569704391, 0.9784812471234098, 1.0, 85, 85, 85, 85]
[0.9674502217379665, 0.9674502217379665, 0.9674502217379665, 85, 0.8995841947093883, 0.9990379569704391, 0.9784812471234098, 1.0, 86, 86, 86, 86]
[0.9674502217379665, 0.9674502217379665, 0.9674502217379665, 86, 0.8995841947093883, 0.9990379569704391, 0.9784812471234098, 1.0, 87, 87, 87, 87]
[0.6938040854160737, 0.9674502217379665, 0.8579917672092094, 87, 0.8995841947093883, 0.9990379569704391, 0.9784812471234098, 1.0, 88, 88, 88, 88]
[0.9674502217379665, 0.9674502217379665, 0.9674502217379665, 88, 0.8995841947093883, 0.9990379569704391, 0.9784812471234098, 1.0, 89, 89, 89, 89]
[0.9674502217379665, 0.9674502217379665, 0.9674502217379665, 89, 0.8995841947093883, 0.9990379569704391, 0.9784812471234098, 1.0, 90, 90, 90, 90]
[0.9674502217379665, 0.9674502217379665, 0.9674502217379665, 90, 0.8995841947093883, 0.9990379569704391, 0.9784812471234098, 1.0, 91, 91, 91, 91]
[0.9674502217379665, 0.9674502217379665, 0.9674502217379665, 91, 0.8995841947093883, 0.9990379569704391, 0.9784812471234098, 1.0, 92, 92, 92, 92]
[0.9674502217379665, 0.9674502217379665, 0.9674502217379665, 92, 0.8995841947093883, 0.9990379569704391, 0.9784812471234098, 1.0, 93, 93, 93, 93]
[0.9674502217379665, 0.9674502217379665, 0.9674502217379665, 93, 0.8995841947093883, 0.9990379569704391, 0.9784812471234098, 1.0, 94, 94, 94, 94]
[0.9674502217379665, 0.9674502217379665, 0.9674502217379665, 94, 0.8995841947093883, 0.9990379569704391, 0.9784812471234098, 1.0, 95, 95, 95, 95]
[0.9674502217379665, 0.9674502217379665, 0.9674502217379665, 95, 0.8995841947093883, 0.9990379569704391, 0.9784812471234098, 1.0, 96, 96, 96, 96]
[0.9674502217379665, 0.9674502217379665, 0.9674502217379665, 96, 0.8995841947093883, 0.9990379569704391, 0.9784812471234098, 1.0, 97, 97, 97, 97]
[0.9674502217379665, 0.9674502217379665, 0.9674502217379665, 97, 0.8995841947093883, 0.9990379569704391, 0.9784812471234098, 1.0, 98, 98, 98, 98]
[0.9674502217379665, 0.9674502217379665, 0.9674502217379665, 98, 0.8995841947093883, 0.9990379569704391, 0.9784812471234098, 1.0, 99, 99, 99, 99]
[0.9674502217379665, 0.9674502217379665, 0.9674502217379665, 99, 0.8995841947093883, 0.9990379569704391, 0.9784812471234098, 1.0, 100, 100, 100, 100]
[0.9674502217379665, 0.9674502217379665, 0.9674502217379665, 0, 0.8995841947093883, 0.9990379569704391, 0.9784812471234098, 1.0, 0, 0, 0, 0]
