[0.7020113290922477, 0.8716334822627888, 0.7901408151883311, 0, 0.9988784824900313, 0.9668770174775351, 0.928062284089957, 0.6774193548387096, 0, 0, 0, 0]
[0.823677221455144, 0.8716334822627888, 0.8433786228810034, 1, 0.9988784824900313, 0.9668770174775351, 0.928062284089957, 0.6774193548387096, 1, 1, 1, 1]
[0.8716334822627888, 0.8716334822627888, 0.8716334822627887, 2, 0.9988784824900313, 0.9668770174775351, 0.928062284089957, 0.6774193548387096, 2, 2, 2, 2]
[0.8716334822627888, 0.8716334822627888, 0.8716334822627887, 3, 0.9988784824900313, 0.9668770174775351, 0.928062284089957, 0.6774193548387096, 3, 3, 3, 3]
[0.8716334822627888, 0.8716334822627888, 0.8716334822627887, 4, 0.9988784824900313, 0.9668770174775351, 0.928062284089957, 0.6774193548387096, 4, 4, 4, 4]
[0.8716334822627888, 0.8716334822627888, 0.8716334822627887, 5, 0.9988784824900313, 0.9668770174775351, 0.928062284089957, 0.6774193548387096, 5, 5, 5, 5]
[0.8716334822627888, 0.8892249138154522, 0.8821883411943869, -1, 0.9987746363540297, 0.959054834054834, 0.9484252049284835, 0.7142857142857143, 0, -1, 0, 0]
[0.8892249138154522, 0.8892249138154522, 0.8892249138154522, 0, 0.9987746363540297, 0.959054834054834, 0.9484252049284835, 0.7142857142857143, 1, 0, 1, 1]
[0.8892249138154522, 0.8892249138154522, 0.8892249138154522, 1, 0.9987746363540297, 0.959054834054834, 0.9484252049284835, 0.7142857142857143, 2, 1, 2, 2]
[0.8892249138154522, 0.899323610909312, 0.8952841320717682, -1, 0.9903825887708221, 0.9666408354551829, 0.9518146077965971, 0.7391304347826086, 0, 0, 0, 0]
[0.899323610909312, 0.9084515656229492, 0.9048003837374943, -1, 0.9100526417214398, 0.9989648033126294, 0.9494667248395863, 0.8, 0, 0, -1, 0]
[0.9084515656229492, 0.9674502217379665, 0.9438507592919596, -1, 0.8995841947093883, 0.9990379569704391, 0.9784812471234098, 1.0, 0, 0, 0, 0]
[0.8922463354640989, 0.9674502217379665, 0.9096660765796246, 0, 0.8995841947093883, 0.9990379569704391, 0.9784812471234098, 1.0, 1, 1, 1, 1]
[0.8981937451159793, 0.9674502217379665, 0.9397476310891717, 1, 0.8995841947093883, 0.9990379569704391, 0.9784812471234098, 1.0, 2, 2, 2, 2]
[0.9674502217379665, 0.9674502217379665, 0.9674502217379665, 2, 0.8995841947093883, 0.9990379569704391, 0.9784812471234098, 1.0, 3, 3, 3, 3]
[0.9250070541489706, 0.9674502217379665, 0.9504729547023683, 3, 0.8995841947093883, 0.9990379569704391, 0.9784812471234098, 1.0, 4, 4, 4, 4]
[0.6937347238737891, 0.9674502217379665, 0.8579640225922954, 4, 0.8995841947093883, 0.9990379569704391, 0.9784812471234098, 1.0, 5, 5, 5, 5]
[0.8618819737623157, 0.9674502217379665, 0.9041092729525759, 5, 0.8995841947093883, 0.9990379569704391, 0.9784812471234098, 1.0, 6, 6, 6, 6]
[0.8618819737623157, 0.9674502217379665, 0.9041092729525759, 6, 0.8995841947093883, 0.9990379569704391, 0.9784812471234098, 1.0, 7, 7, 7, 7]
[0.9674502217379665, 0.9674502217379665, 0.9674502217379665, 7, 0.8995841947093883, 0.9990379569704391, 0.9784812471234098, 1.0, 8, 8, 8, 8]
[0.6938040854160737, 0.9674502217379665, 0.7485333126804523, 8, 0.8995841947093883, 0.9990379569704391, 0.9784812471234098, 1.0, 9, 9, 9, 9]
[0.9674502217379665, 0.9674502217379665, 0.9674502217379665, 9, 0.8995841947093883, 0.9990379569704391, 0.9784812471234098, 1.0, 10, 10, 10, 10]
[0.6938040854160737, 0.9674502217379665, 0.8579917672092094, 10, 0.8995841947093883, 0.9990379569704391, 0.9784812471234098, 1.0, 11, 11, 11, 11]
[0.6938040854160737, 0.9674502217379665, 0.8032625399448309, 11, 0.8995841947093883, 0.9990379569704391, 0.9784812471234098, 1.0, 12, 12, 12, 12]
[0.6938040854160737, 0.9674502217379665, 0.8493800456881975, 12, 0.8995841947093883, 0.9990379569704391, 0.9784812471234098, 1.0, 13, 13, 13, 13]
[0.8618819737623157, 0.9674502217379665, 0.8902579776281785, 13, 0.8995841947093883, 0.9990379569704391, 0.9784812471234098, 1.0, 14, 14, 14, 14]
[0.9674502217379665, 0.9674502217379665, 0.9674502217379665, 14, 0.8995841947093883, 0.9990379569704391, 0.9784812471234098, 1.0, 15, 15, 15, 15]
[0.9674502217379665, 0.9674502217379665, 0.9674502217379665, 15, 0.8995841947093883, 0.9990379569704391, 0.9784812471234098, 1.0, 16, 16, 16, 16]
[0.6938040854160737, 0.9674502217379665, 0.8579917672092094, 16, 0.8995841947093883, 0.9990379569704391, 0.9784812471234098, 1.0, 17, 17, 17, 17]
[0.9674502217379665, 0.9674502217379665, 0.9674502217379665, 17, 0.8995841947093883, 0.9990379569704391, 0.9784812471234098, 1.0, 18, 18, 18, 18]
[0.9674502217379665, 0.9674502217379665, 0.9674502217379665, 18, 0.8995841947093883, 0.9990379569704391, 0.9784812471234098, 1.0, 19, 19, 19, 19]
[0.8981937451159793, 0.9674502217379665, 0.9397476310891715, 19, 0.8995841947093883, 0.9990379569704391, 0.9784812471234098, 1.0, 20, 20, 20, 20]
[0.9674502217379665, 0.9674502217379665, 0.9674502217379665, 20, 0.8995841947093883, 0.9990379569704391, 0.9784812471234098, 1.0, 21, 21, 21, 21]
[0.9674502217379665, 0.9674502217379665, 0.9674502217379665, 21, 0.8995841947093883, 0.9990379569704391, 0.9784812471234098, 1.0, 22, 22, 22, 22]
[0.9674502217379665, 0.9674502217379665, 0.9674502217379665, 22, 0.8995841947093883, 0.9990379569704391, 0.9784812471234098, 1.0, 23, 23, 23, 23]
[0.9674502217379665, 0.9674502217379665, 0.9674502217379665, 23, 0.8995841947093883, 0.9990379569704391, 0.9784812471234098, 1.0, 24, 24, 24, 24]
[0.9674502217379665, 0.9674502217379665, 0.9674502217379665, 24, 0.8995841947093883, 0.9990379569704391, 0.9784812471234098, 1.0, 25, 25, 25, 25]
[0.9674502217379665, 0.9674502217379665, 0.9674502217379665, 25, 0.8995841947093883, 0.9990379569704391, 0.9784812471234098, 1.0, 26, 26, 26, 26]
[0.9674502217379665, 0.9674502217379665, 0.9674502217379665, 26, 0.8995841947093883, 0.9990379569704391, 0.9784812471234098, 1.0, 27, 27, 27, 27]
[0.6938040854160737, 0.9674502217379665, 0.8579917672092094, 27, 0.8995841947093883, 0.9990379569704391, 0.9784812471234098, 1.0, 28, 28, 28, 28]
[0.9674502217379665, 0.9674502217379665, 0.9674502217379665, 28, 0.8995841947093883, 0.9990379569704391, 0.9784812471234098, 1.0, 29, 29, 29, 29]
[0.9674502217379665, 0.9674502217379665, 0.9674502217379665, 29, 0.8995841947093883, 0.9990379569704391, 0.9784812471234098, 1.0, 30, 30, 30, 30]
[0.8981937451159793, 0.9674502217379665, 0.9397476310891717, 30, 0.8995841947093883, 0.9990379569704391, 0.9784812471234098, 1.0, 31, 31, 31, 31]
[0.9674502217379665, 0.9674502217379665, 0.9674502217379665, 31, 0.8995841947093883, 0.9990379569704391, 0.9784812471234098, 1.0, 32, 32, 32, 32]
[0.9674502217379665, 0.9674502217379665, 0.9674502217379665, 32, 0.8995841947093883, 0.9990379569704391, 0.9784812471234098, 1.0, 33, 33, 33, 33]
[0.9674502217379665, 0.9674502217379665, 0.9674502217379665, 33, 0.8995841947093883, 0.9990379569704391, 0.9784812471234098, 1.0, 34, 34, 34, 34]
[0.9674502217379665, 0.9674502217379665, 0.9674502217379665, 34, 0.8995841947093883, 0.9990379569704391, 0.9784812471234098, 1.0, 35, 35, 35, 35]
[0.9674502217379665, 0.9674502217379665, 0.9674502217379665, 35, 0.8995841947093883, 0.9990379569704391, 0.9784812471234098, 1.0, 36, 36, 36, 36]
[0.6938040854160737, 0.9674502217379665, 0.8579917672092094, 36, 0.8995841947093883, 0.9990379569704391, 0.9784812471234098, 1.0, 37, 37, 37, 37]
[0.9674502217379665, 0.9674502217379665, 0.9674502217379665, 37, 0.8995841947093883, 0.9990379569704391, 0.9784812471234098, 1.0, 38, 38, 38, 38]
[0.6938040854160737, 0.9674502217379665, 0.8032625399448309, 38, 0.8995841947093883, 0.9990379569704391, 0.9784812471234098, 1.0, 39, 39, 39, 39]
[0.6938040854160737, 0.9674502217379665, 0.8579917672092094, 39, 0.8995841947093883, 0.9990379569704391, 0.9784812471234098, 1.0, 40, 40, 40, 40]
[0.9674502217379665, 0.9674502217379665, 0.9674502217379665, 40, 0.8995841947093883, 0.9990379569704391, 0.9784812471234098, 1.0, 41, 41, 41, 41]
[0.9674502217379665, 0.9674502217379665, 0.9674502217379665, 41, 0.8995841947093883, 0.9990379569704391, 0.9784812471234098, 1.0, 42, 42, 42, 42]
[0.9674502217379665, 0.9674502217379665, 0.9674502217379665, 42, 0.8995841947093883, 0.9990379569704391, 0.9784812471234098, 1.0, 43, 43, 43, 43]
[0.9674502217379665, 0.9674502217379665, 0.9674502217379665, 43, 0.8995841947093883, 0.9990379569704391, 0.9784812471234098, 1.0, 44, 44, 44, 44]
[0.9674502217379665, 0.9674502217379665, 0.9674502217379665, 44, 0.8995841947093883, 0.9990379569704391, 0.9784812471234098, 1.0, 45, 45, 45, 45]
[0.9674502217379665, 0.9674502217379665, 0.9674502217379665, 45, 0.8995841947093883, 0.9990379569704391, 0.9784812471234098, 1.0, 46, 46, 46, 46]
[0.9674502217379665, 0.9674502217379665, 0.9674502217379665, 46, 0.8995841947093883, 0.9990379569704391, 0.9784812471234098, 1.0, 47, 47, 47, 47]
[0.6938040854160737, 0.9674502217379665, 0.8032625399448309, 47, 0.8995841947093883, 0.9990379569704391, 0.9784812471234098, 1.0, 48, 48, 48, 48]
[0.9674502217379665, 0.9674502217379665, 0.9674502217379665, 48, 0.8995841947093883, 0.9990379569704391, 0.9784812471234098, 1.0, 49, 49, 49, 49]
[0.9181051165507438, 0.9674502217379665, 0.9477121796630774, 49, 0.8995841947093883, 0.9990379569704391, 0.9784812471234098, 1.0, 50, 50, 50, 50]
[0.9674502217379665, 0.9674502217379665, 0.9674502217379665, 50, 0.8995841947093883, 0.9990379569704391, 0.9784812471234098, 1.0, 51, 51, 51, 51]
[0.9674502217379665, 0.9674502217379665, 0.9674502217379665, 51, 0.8995841947093883, 0.9990379569704391, 0.9784812471234098, 1.0, 52, 52, 52, 52]
[0.9674502217379665, 0.9674502217379665, 0.9674502217379665, 52, 0.8995841947093883, 0.9990379569704391, 0.9784812471234098, 1.0, 53, 53, 53, 53]
[0.9674502217379665, 0.9674502217379665, 0.9674502217379665, 53, 0.8995841947093883, 0.9990379569704391, 0.9784812471234098, 1.0, 54, 54, 54, 54]
[0.9674502217379665, 0.9674502217379665, 0.9674502217379665, 54, 0.8995841947093883, 0.9990379569704391, 0.9784812471234098, 1.0, 55, 55, 55, 55]
[0.9674502217379665, 0.9674502217379665, 0.9674502217379665, 55, 0.8995841947093883, 0.9990379569704391, 0.9784812471234098, 1.0, 56, 56, 56, 56]
[0.9674502217379665, 0.9674502217379665, 0.9674502217379665, 56, 0.8995841947093883, 0.9990379569704391, 0.9784812471234098, 1.0, 57, 57, 57, 57]
[0.9674502217379665, 0.9674502217379665, 0.9674502217379665, 57, 0.8995841947093883, 0.9990379569704391, 0.9784812471234098, 1.0, 58, 58, 58, 58]
[0.9674502217379665, 0.9674502217379665, 0.9674502217379665, 58, 0.8995841947093883, 0.9990379569704391, 0.9784812471234098, 1.0, 59, 59, 59, 59]
[0.8981937451159793, 0.9674502217379665, 0.9397476310891715, 59, 0.8995841947093883, 0.9990379569704391, 0.9784812471234098, 1.0, 60, 60, 60, 60]
[0.6938040854160737, 0.9674502217379665, 0.8579917672092094, 60, 0.8995841947093883, 0.9990379569704391, 0.9784812471234098, 1.0, 61, 61, 61, 61]
[0.9674502217379665, 0.9674502217379665, 0.9674502217379665, 61, 0.8995841947093883, 0.9990379569704391, 0.9784812471234098, 1.0, 62, 62, 62, 62]
[0.9674502217379665, 0.9674502217379665, 0.9674502217379665, 62, 0.8995841947093883, 0.9990379569704391, 0.9784812471234098, 1.0, 63, 63, 63, 63]
[0.9674502217379665, 0.9674502217379665, 0.9674502217379665, 63, 0.8995841947093883, 0.9990379569704391, 0.9784812471234098, 1.0, 64, 64, 64, 64]
[0.9674502217379665, 0.9674502217379665, 0.9674502217379665, 64, 0.8995841947093883, 0.9990379569704391, 0.9784812471234098, 1.0, 65, 65, 65, 65]
[0.8981937451159793, 0.9674502217379665, 0.9397476310891715, 65, 0.8995841947093883, 0.9990379569704391, 0.9784812471234098, 1.0, 66, 66, 66, 66]
[0.9674502217379665, 0.9674502217379665, 0.9674502217379665, 66, 0.8995841947093883, 0.9990379569704391, 0.9784812471234098, 1.0, 67, 67, 67, 67]
[0.9674502217379665, 0.9674502217379665, 0.9674502217379665, 67, 0.8995841947093883, 0.9990379569704391, 0.9784812471234098, 1.0, 68, 68, 68, 68]
[0.9674502217379665, 0.9674502217379665, 0.9674502217379665, 68, 0.8995841947093883, 0.9990379569704391, 0.9784812471234098, 1.0, 69, 69, 69, 69]
[0.9674502217379665, 0.9674502217379665, 0.9674502217379665, 69, 0.8995841947093883, 0.9990379569704391, 0.9784812471234098, 1.0, 70, 70, 70, 70]
[0.9674502217379665, 0.9674502217379665, 0.9674502217379665, 70, 0.8995841947093883, 0.9990379569704391, 0.9784812471234098, 1.0, 71, 71, 71, 71]
[0.9674502217379665, 0.9674502217379665, 0.9674502217379665, 71, 0.8995841947093883, 0.9990379569704391, 0.9784812471234098, 1.0, 72, 72, 72, 72]
[0.9120953943847385, 0.9674502217379665, 0.9453082907966752, 72, 0.8995841947093883, 0.9990379569704391, 0.9784812471234098, 1.0, 73, 73, 73, 73]
[0.9674502217379665, 0.9674502217379665, 0.9674502217379665, 73, 0.8995841947093883, 0.9990379569704391, 0.9784812471234098, 1.0, 74, 74, 74, 74]
[0.9674502217379665, 0.9674502217379665, 0.9674502217379665, 74, 0.8995841947093883, 0.9990379569704391, 0.9784812471234098, 1.0, 75, 75, 75, 75]
[0.9674502217379665, 0.9674502217379665, 0.9674502217379665, 75, 0.8995841947093883, 0.9990379569704391, 0.9784812471234098, 1.0, 76, 76, 76, 76]
[0.9674502217379665, 0.9674502217379665, 0.9674502217379665, 76, 0.8995841947093883, 0.9990379569704391, 0.9784812471234098, 1.0, 77, 77, 77, 77]
[0.9674502217379665, 0.9674502217379665, 0.9674502217379665, 77, 0.8995841947093883, 0.9990379569704391, 0.9784812471234098, 1.0, 78, 78, 78, 78]
[0.9674502217379665, 0.9674502217379665, 0.9674502217379665, 78, 0.8995841947093883, 0.9990379569704391, 0.9784812471234098, 1.0, 79, 79, 79, 79]
[0.9674502217379665, 0.9674502217379665, 0.9674502217379665, 79, 0.8995841947093883, 0.9990379569704391, 0.9784812471234098, 1.0, 80, 80, 80, 80]
[0.9674502217379665, 0.9674502217379665, 0.9674502217379665, 80, 0.8995841947093883, 0.9990379569704391, 0.9784812471234098, 1.0, 81, 81, 81, 81]
[0.8981937451159793, 0.9674502217379665, 0.9397476310891715, 81, 0.8995841947093883, 0.9990379569704391, 0.9784812471234098, 1.0, 82, 82, 82, 82]
[0.9674502217379665, 0.9674502217379665, 0.9674502217379665, 82, 0.8995841947093883, 0.9990379569704391, 0.9784812471234098, 1.0, 83, 83, 83, 83]
[0.9674502217379665, 0.9674502217379665, 0.9674502217379665, 83, 0.8995841947093883, 0.9990379569704391, 0.9784812471234098, 1.0, 84, 84, 84, 84]
[0.9674502217379665, 0.9674502217379665, 0.9674502217379665, 84, 0.8995841947093883, 0.9990379569704391, 0.9784812471234098, 1.0, 85, 85, 85, 85]
[0.9674502217379665, 0.9674502217379665, 0.9674502217379665, 85, 0.8995841947093883, 0.9990379569704391, 0.9784812471234098, 1.0, 86, 86, 86, 86]
[0.9674502217379665, 0.9674502217379665, 0.9674502217379665, 86, 0.8995841947093883, 0.9990379569704391, 0.9784812471234098, 1.0, 87, 87, 87, 87]
[0.9674502217379665, 0.9674502217379665, 0.9674502217379665, 87, 0.8995841947093883, 0.9990379569704391, 0.9784812471234098, 1.0, 88, 88, 88, 88]
[0.9674502217379665, 0.9674502217379665, 0.9674502217379665, 88, 0.8995841947093883, 0.9990379569704391, 0.9784812471234098, 1.0, 89, 89, 89, 89]
[0.6938040854160737, 0.9674502217379665, 0.8032625399448309, 89, 0.8995841947093883, 0.9990379569704391, 0.9784812471234098, 1.0, 90, 90, 90, 90]
[0.6938040854160737, 0.9674502217379665, 0.8579917672092094, 90, 0.8995841947093883, 0.9990379569704391, 0.9784812471234098, 1.0, 91, 91, 91, 91]
[0.9674502217379665, 0.9674502217379665, 0.9674502217379665, 91, 0.8995841947093883, 0.9990379569704391, 0.9784812471234098, 1.0, 92, 92, 92, 92]
[0.9674502217379665, 0.9674502217379665, 0.9674502217379665, 92, 0.8995841947093883, 0.9990379569704391, 0.9784812471234098, 1.0, 93, 93, 93, 93]
[0.9674502217379665, 0.9674502217379665, 0.9674502217379665, 93, 0.8995841947093883, 0.9990379569704391, 0.9784812471234098, 1.0, 94, 94, 94, 94]
[0.9674502217379665, 0.9674502217379665, 0.9674502217379665, 94, 0.8995841947093883, 0.9990379569704391, 0.9784812471234098, 1.0, 95, 95, 95, 95]
[0.8981937451159793, 0.9674502217379665, 0.9397476310891717, 95, 0.8995841947093883, 0.9990379569704391, 0.9784812471234098, 1.0, 96, 96, 96, 96]
[0.8458327531689982, 0.9674502217379665, 0.918803234310379, 96, 0.8995841947093883, 0.9990379569704391, 0.9784812471234098, 1.0, 97, 97, 97, 97]
[0.6938040854160737, 0.9674502217379665, 0.8032625399448309, 97, 0.8995841947093883, 0.9990379569704391, 0.9784812471234098, 1.0, 98, 98, 98, 98]
[0.6938040854160737, 0.9674502217379665, 0.8579917672092094, 98, 0.8995841947093883, 0.9990379569704391, 0.9784812471234098, 1.0, 99, 99, 99, 99]
[0.9674502217379665, 0.9674502217379665, 0.9674502217379665, 99, 0.8995841947093883, 0.9990379569704391, 0.9784812471234098, 1.0, 100, 100, 100, 100]
[0.9674502217379665, 0.9674502217379665, 0.9674502217379665, 0, 0.8995841947093883, 0.9990379569704391, 0.9784812471234098, 1.0, 0, 0, 0, 0]
